-1 -1 -2 -100 -90 -123
-1 -1 -2 -100 -90 -123
-1 -1 -2 -100 -90 -123
-1 -1 -2 -100 -90 -123
-1 -1 -2 -100 -90 -123
-1 -1 -2 -100 -90 -123
-1 -1 -2 -100 -90 -123
-1 -1 -2 -100 -90 -123
-1 -1 -2 -100 -90 -123
-1 -1 -2 -100 -90 -123
-1 -1 -2 -100 -90 -123
-1 -1 -2 -100 -90 -123
-1 -1 -2 -100 -90 -123
-1 -1 -2 -100 -90 -123
-1 -1 -2 -100 -90 -123
-1 -1 -2 -100 -90 -123
-1 -1 -2 -100 -90 -123
-1 -1 -2 -100 -90 -123
-1 -1 -2 -100 -90 -123
-1 -1 -2 -100 -90 -123
-1 -1 -2 -100 -90 -123
-1 -1 -2 -100 -90 -123
-1 -1 -2 -100 -90 -123
-1 -1 -2 -100 -90 -123
-1 -1 -2 -100 -90 -123
-1 -1 -2 -100 -90 -123
1 100 -10000000 10000
